2 7 6 
9 5 1 
4 3 8 
r=1

2 9 4 
7 5 3 
6 1 8 
r=2

4 3 8 
9 5 1 
2 7 6 
r=3

4 9 2 
3 5 7 
8 1 6 
r=4

6 1 8 
7 5 3 
2 9 4 
r=5

6 7 2 
1 5 9 
8 3 4 
r=6

8 1 6 
3 5 7 
4 9 2 
r=7

8 3 4 
1 5 9 
6 7 2 
r=8

r=8 l=15
